9.09107
-0.00000 -0.00000 0.00000
9.38373
-0.00000 0.00000 0.00000
9.38453
-0.00000 -0.00000 -0.00000
10.7263
-0.00000 -0.00000 -0.00000
10.7263
0.00000 -0.00000 0.00000
8.68632
0.00000 0.00000 0.00000
8.97992
0.00000 -0.00000 0.00000
8.98112
-0.00000 -0.00000 -0.00000
10.4302
0.03546 0.03799 -0.00000
10.4302
0.03799 -0.03546 0.00000
7.78537
0.00000 0.00000 -0.00000
8.07135
-0.00000 0.00000 0.00000
8.07347
-0.00000 -0.00000 0.00000
9.33698
-0.10282 -0.11189 0.00000
9.33698
0.11189 -0.10282 0.00000
7.05955
0.00000 -0.00000 0.00000
7.32394
-0.00000 0.00000 -0.00000
7.32655
-0.00000 0.00000 -0.00000
7.80256
0.12189 0.14632 -0.00000
7.80256
0.14632 -0.12189 -0.00000
6.11681
0.11463 0.14178 -0.00000
6.11681
0.14178 -0.11463 -0.00000
6.5644
-0.00000 0.00000 -0.00000
6.79454
-0.00000 -0.00000 -0.00000
6.79721
0.00000 -0.00000 -0.00000
