9.09107
0.00000 0.00000 0.00000
9.38373
0.00000 -0.00000 0.00000
9.38453
0.00000 0.00000 -0.00000
10.7263
-0.00000 -0.00000 -0.00000
10.7263
0.00000 -0.00000 0.00000
8.68632
-0.00000 -0.00000 -0.00000
8.97992
-0.00000 0.00000 -0.00000
8.98112
0.00000 0.00000 0.00000
10.4302
0.03547 0.03798 -0.00000
10.4302
-0.03798 0.03547 -0.00000
7.78539
0.00000 0.00000 -0.00000
8.07136
-0.00000 0.00000 0.00000
8.07348
-0.00000 -0.00000 0.00000
9.33698
-0.10282 -0.11189 0.00000
9.33698
0.11189 -0.10282 0.00000
7.05955
-0.00000 0.00000 -0.00000
7.32393
-0.00000 -0.00000 0.00000
7.32655
0.00000 -0.00000 0.00000
7.80255
-0.12181 -0.14639 0.00000
7.80255
-0.14639 0.12181 0.00000
6.11683
-0.11526 -0.14127 0.00000
6.11683
-0.14127 0.11526 0.00000
6.56441
0.00000 -0.00000 0.00000
6.79457
0.00000 0.00000 0.00000
6.79723
-0.00000 0.00000 0.00000
