45359.157747 1.197867e-03 
45439.814747 1.951585e-03 
45520.471747 3.147921e-03 
45601.128747 5.027094e-03 
45681.785747 7.948173e-03 
45762.442747 1.244156e-02 
45843.099747 1.928142e-02 
45923.756747 2.958425e-02 
46004.413747 4.494062e-02 
46085.070747 6.758879e-02 
46165.727747 1.006392e-01 
46246.384747 1.483601e-01 
46327.041747 2.165328e-01 
46407.698747 3.128870e-01 
46488.355747 4.476189e-01 
46569.012747 6.339956e-01 
46649.669747 8.890399e-01 
46730.326747 1.234279e+00 
46810.983747 1.696533e+00 
46891.640747 2.308705e+00 
46972.297747 3.110510e+00 
47052.954747 4.149081e+00 
47133.611747 5.479352e+00 
47214.268747 7.164131e+00 
47294.925747 9.273741e+00 
47375.582747 1.188512e+01 
47456.239747 1.508026e+01 
47536.896747 1.894399e+01 
47617.553747 2.356086e+01 
47698.210747 2.901134e+01 
47778.867747 3.536727e+01 
47859.524747 4.268668e+01 
47940.181747 5.100822e+01 
48020.838747 6.034553e+01 
48101.495747 7.068171e+01 
48182.152747 8.196455e+01 
48262.809747 9.410271e+01 
48343.466747 1.069634e+02 
48424.123747 1.203720e+02 
48504.780747 1.341135e+02 
48585.437747 1.479370e+02 
48666.094747 1.615617e+02 
48746.751747 1.746854e+02 
48827.408747 1.869959e+02 
48908.065747 1.981822e+02 
48988.722747 2.079477e+02 
49069.379747 2.160234e+02 
49150.036747 2.221798e+02 
49230.693747 2.262378e+02 
49311.350747 2.280778e+02 
49392.007747 2.276449e+02 
49472.664747 2.249519e+02 
49553.321747 2.200791e+02 
49633.978747 2.131693e+02 
49714.635747 2.044221e+02 
49795.292747 1.940832e+02 
49875.949747 1.824337e+02 
49956.606747 1.697772e+02 
50037.263747 1.564266e+02 
50117.920747 1.426918e+02 
50198.577747 1.288678e+02 
50279.234747 1.152250e+02 
50359.891747 1.020014e+02 
50440.548747 8.939697e+01 
50521.205747 7.757047e+01 
50601.862747 6.663879e+01 
50682.519747 5.667804e+01 
50763.176747 4.772650e+01 
50843.833747 3.978885e+01 
50924.490747 3.284130e+01 
51005.147747 2.683714e+01 
51085.804747 2.171247e+01 
51166.461747 1.739159e+01 
51247.118747 1.379197e+01 
51327.775747 1.082856e+01 
51408.432747 8.417281e+00 
51489.089747 6.477838e+00 
51569.746747 4.935662e+00 
51650.403747 3.723212e+00 
51731.060747 2.780656e+00 
51811.717747 2.056050e+00 
51892.374747 1.505141e+00 
51973.031747 1.090882e+00 
52053.688747 7.827725e-01 
52134.345747 5.560966e-01 
52215.002747 3.911308e-01 
52295.659747 2.723647e-01 
52376.316747 1.877746e-01 
52456.973747 1.281680e-01 
52537.630747 8.661232e-02 
52618.287747 5.794777e-02 
52698.944747 3.838405e-02 
52779.601747 2.517225e-02 
52860.258747 1.634369e-02 
52940.915747 1.050595e-02 
53021.572747 6.686176e-03 
53102.229747 4.212861e-03 
53182.886747 2.628050e-03 
53263.543747 1.623107e-03 
53344.200747 9.924706e-04 
53424.857747 6.008212e-04 
53505.514747 3.601056e-04 
53586.171747 2.136838e-04 
53666.828747 1.255366e-04 
53747.485747 7.301737e-05 
53828.142747 4.204739e-05 
53908.799747 2.397226e-05 
53989.456747 1.353119e-05 
54070.113747 7.561710e-06 
54150.770747 4.183706e-06 
54231.427747 2.291708e-06 
54312.084747 1.242838e-06 
54392.741747 6.673086e-07 
54473.398747 3.547285e-07 
54554.055747 1.866906e-07 
54634.712747 9.727603e-08 
54715.369747 5.018181e-08 
54796.026747 2.562972e-08 
54876.683747 1.295981e-08 
54957.340747 6.487989e-09 
55037.997747 3.215724e-09 
55118.654747 1.577991e-09 
55199.311747 7.666328e-10 
55279.968747 3.687460e-10 
55360.625747 1.755999e-10 
55441.282747 8.279005e-11 
55521.939747 3.864463e-11 
55602.596747 1.785901e-11 
55683.253747 8.171136e-12 
55763.910747 3.701388e-12 
55844.567747 1.659984e-12 
55925.224747 7.370555e-13 
56005.881747 3.240064e-13 
56086.538747 1.410146e-13 
56167.195747 6.076192e-14 
56247.852747 2.592125e-14 
56328.509747 1.094807e-14 
56409.166747 4.578005e-15 
56489.823747 1.895274e-15 
56570.480747 7.768276e-16 
56651.137747 3.152350e-16 
56731.794747 1.266489e-16 
56812.451747 5.037618e-17 
56893.108747 1.983838e-17 
56973.765747 7.734714e-18 
57054.422747 2.985653e-18 
57135.079747 1.141015e-18 
57215.736747 4.317185e-19 
57296.393747 1.617212e-19 
57377.050747 5.997776e-20 
57457.707747 2.202270e-20 
57538.364747 8.005860e-21 
57619.021747 2.881393e-21 
57699.678747 1.026725e-21 
57780.335747 3.622118e-22 
57860.992747 1.265110e-22 
57941.649747 4.374726e-23 
58022.306747 1.497720e-23 
58102.963747 5.076536e-24 
58183.620747 1.703575e-24 
58264.277747 5.659945e-25 
58344.934747 1.861745e-25 
58425.591747 6.062967e-26 
58506.248747 1.954822e-26 
58586.905747 6.240026e-27 
58667.562747 1.972071e-27 
58748.219747 6.170435e-28 
58828.876747 1.911464e-28 
58909.533747 5.862373e-29 
58990.190747 1.780073e-29 
59070.847747 5.351300e-30 
59151.504747 1.592714e-30 
59232.161747 4.693247e-31 
59312.818747 1.369197e-31 
59393.475747 3.954720e-32 
59474.132747 1.130895e-32 
59554.789747 3.201741e-33 
59635.446747 8.974435e-34 
59716.103747 2.490491e-34 
59796.760747 6.842581e-35 
59877.417747 1.861281e-35 
59958.074747 5.012577e-36 
60038.731747 1.336495e-36 
60119.388747 3.528015e-37 
60200.045747 9.220418e-38 
60280.702747 2.385766e-38 
60361.359747 6.111703e-39 
60442.016747 1.550078e-39 
60522.673747 3.892262e-40 
60603.330747 9.676262e-41 
60683.987747 2.381607e-41 
60764.644747 5.803497e-42 
60845.301747 1.400124e-42 
60925.958747 3.344261e-43 
61006.615747 7.908443e-44 
61087.272747 1.851564e-44 
61167.929747 4.291842e-45 
61248.586747 9.849307e-46 
61329.243747 2.237818e-46 
61409.900747 5.033855e-47 
61490.557747 1.121073e-47 
61571.214747 2.471861e-48 
61651.871747 5.395992e-49 
61732.528747 1.166207e-49 
61813.185747 2.495381e-50 
61893.842747 5.286342e-51 
61974.499747 1.108743e-51 
62055.156747 2.302307e-52 
62135.813747 4.733177e-53 
62216.470747 9.633839e-54 
62297.127747 1.941347e-54 
62377.784747 3.873145e-55 
62458.441747 7.650355e-56 
62539.098747 1.496085e-56 
62619.755747 2.896598e-57 
62700.412747 5.552355e-58 
62781.069747 1.053715e-58 
62861.726747 1.979823e-59 
62942.383747 3.682870e-60 
63023.040747 6.782715e-61 
63103.697747 1.236738e-61 
63184.354747 2.232591e-62 
63265.011747 3.990225e-63 
63345.668747 7.060619e-64 
63426.325747 1.236930e-64 
63506.982747 2.145382e-65 
63587.639747 3.684014e-66 
63668.296747 6.263180e-67 
63748.953747 1.054206e-67 
63829.610747 1.756763e-68 
63910.267747 2.898398e-69 
63990.924747 4.734345e-70 
64071.581747 7.656297e-71 
64152.238747 1.225843e-71 
64232.895747 1.943156e-72 
64313.552747 3.049564e-73 
64394.209747 4.738325e-74 
64474.866747 7.289018e-75 
64555.523747 1.110121e-75 
64636.180747 1.673896e-76 
64716.837747 2.498871e-77 
64797.494747 3.693314e-78 
64878.151747 5.404377e-79 
64958.808747 7.829466e-80 
65039.465747 1.122989e-80 
65120.122747 1.594690e-81 
65200.779747 2.241991e-82 
65281.436747 3.120676e-83 
65362.093747 4.300514e-84 
65442.750747 5.867448e-85 
65523.407747 7.925654e-86 
65604.064747 1.059932e-86 
65684.721747 1.403389e-87 
65765.378747 1.839649e-88 
65846.035747 2.387532e-89 
65926.692747 3.067752e-90 
66007.349747 3.902550e-91 
66088.006747 4.915116e-92 
66168.663747 6.128809e-93 
66249.320747 7.566159e-94 
66329.977747 9.247661e-95 
66410.634747 1.119039e-95 
66491.291747 1.340652e-96 
66571.948747 1.590170e-97 
66652.605747 1.867360e-98 
66733.262747 2.171050e-99 
66813.919747 2.499014e-100 
66894.576747 2.847898e-101 
66975.233747 3.213197e-102 
67055.890747 3.589279e-103 
67136.547747 3.969485e-104 
67217.204747 4.346286e-105 
67297.861747 4.711502e-106 
67378.518747 5.056587e-107 
67459.175747 5.372949e-108 
67539.832747 5.652297e-109 
67620.489747 5.887003e-110 
67701.146747 6.070446e-111 
67781.803747 6.197322e-112 
67862.460747 6.263896e-113 
67943.117747 6.268189e-114 
68023.774747 6.210072e-115 
68104.431747 6.091276e-116 
68185.088747 5.915303e-117 
68265.745747 5.687255e-118 
68346.402747 5.413592e-119 
68427.059747 5.101823e-120 
68507.716747 4.760168e-121 
68588.373747 4.397201e-122 
68669.030747 4.021493e-123 
68749.687747 3.641291e-124 
68830.344747 3.264228e-125 
68911.001747 2.897095e-126 
68991.658747 2.545669e-127 
69072.315747 2.214615e-128 
69152.972747 1.907443e-129 
69233.629747 1.626530e-130 
69314.286747 1.373187e-131 
69394.943747 1.147768e-132 
69475.600747 9.498076e-134 
69556.257747 7.781696e-135 
69636.914747 6.312043e-136 
69717.571747 5.069005e-137 
69798.228747 4.030255e-138 
69878.885747 3.172484e-139 
69959.542747 2.472426e-140 
70040.199747 1.907674e-141 
70120.856747 1.457278e-142 
70201.513747 1.102142e-143 
70282.170747 8.252575e-145 
70362.827747 6.117848e-146 
70443.484747 4.490192e-147 
70524.141747 3.262783e-148 
70604.798747 2.347300e-149 
70685.455747 1.671883e-150 
70766.112747 1.178964e-151 
70846.769747 8.230988e-153 
70927.426747 5.689322e-154 
71008.083747 3.893374e-155 
71088.740747 2.637842e-156 
71169.397747 1.769410e-157 
71250.054747 1.175074e-158 
71330.711747 7.726081e-160 
71411.368747 5.029330e-161 
71492.025747 3.241292e-162 
71572.682747 2.068155e-163 
71653.339747 1.306487e-164 
71733.996747 8.171171e-166 
71814.653747 5.059650e-167 
71895.310747 3.101800e-168 
71975.967747 1.882626e-169 
72056.624747 1.131283e-170 
72137.281747 6.730321e-172 
72217.938747 3.964215e-173 
72298.595747 2.311723e-174 
72379.252747 1.334662e-175 
72459.909747 7.628935e-177 
72540.566747 4.317314e-178 
72621.223747 2.418913e-179 
72701.880747 1.341789e-180 
72782.537747 7.368939e-182 
72863.194747 4.006663e-183 
72943.851747 2.156839e-184 
73024.508747 1.149502e-185 
73105.165747 6.065392e-187 
73185.822747 3.168582e-188 
73266.479747 1.638808e-189 
73347.136747 8.391670e-191 
73427.793747 4.254276e-192 
73508.450747 2.135306e-193 
73589.107747 1.061088e-194 
73669.764747 5.220353e-196 
73750.421747 2.542760e-197 
73831.078747 1.226219e-198 
73911.735747 5.854470e-200 
73992.392747 2.767351e-201 
74073.049747 1.295084e-202 
74153.706747 6.000518e-204 
74234.363747 2.752559e-205 
74315.020747 1.250091e-206 
74395.677747 5.620868e-208 
74476.334747 2.502202e-209 
74556.991747 1.102804e-210 
74637.648747 4.812066e-212 
74718.305747 2.078843e-213 
74798.962747 8.891376e-215 
74879.619747 3.765072e-216 
74960.276747 1.578464e-217 
75040.933747 6.551684e-219 
75121.590747 2.692331e-220 
75202.247747 1.095370e-221 
75282.904747 4.412152e-223 
75363.561747 1.759532e-224 
75444.218747 6.947055e-226 
75524.875747 2.715573e-227 
75605.532747 1.050943e-228 
75686.189747 4.026744e-230 
75766.846747 1.527517e-231 
75847.503747 5.736868e-233 
75928.160747 2.133147e-234 
76008.817747 7.852789e-236 
76089.474747 2.862095e-237 
76170.131747 1.032764e-238 
76250.788747 3.689567e-240 
76331.445747 1.304988e-241 
76412.102747 4.569777e-243 
76492.759747 1.584311e-244 
76573.416747 5.438045e-246 
76654.073747 1.848001e-247 
76734.730747 6.217544e-249 
76815.387747 2.071059e-250 
76896.044747 6.830038e-252 
76976.701747 2.230031e-253 
77057.358747 7.208678e-255 
77138.015747 2.307052e-256 
77218.672747 7.309982e-258 
77299.329747 2.293149e-259 
77379.986747 7.122053e-261 
77460.643747 2.189955e-262 
77541.300747 6.666876e-264 
77621.957747 2.009401e-265 
77702.614747 5.996084e-267 
77783.271747 1.771438e-268 
77863.928747 5.181331e-270 
77944.585747 1.500423e-271 
78025.242747 4.301730e-273 
78105.899747 1.221039e-274 
78186.556747 3.431414e-276 
78267.213747 9.547150e-278 
78347.870747 2.629852e-279 
78428.527747 7.172096e-281 
78509.184747 1.936502e-282 
78589.841747 5.176625e-284 
78670.498747 1.370038e-285 
78751.155747 3.589843e-287 
78831.812747 9.312697e-289 
78912.469747 2.391842e-290 
78993.126747 6.082002e-292 
79073.783747 1.531150e-293 
79154.440747 3.816330e-295 
79235.097747 9.417403e-297 
79315.754747 2.300761e-298 
79396.411747 5.564086e-300 
79477.068747 1.343857e-301 
79557.725747 2.584341e-303 
79638.382747 0.000000e+00 
79719.039747 0.000000e+00 
